%% Load data

data = [0.80000001             0.80000001             0.80000001  
           0.86354219             0.85993164             0.85331261  
           0.97832250             0.96988463             0.95595890  
           1.01675128             1.01356053             1.01606452  
           1.04623126             1.04991030             1.04728472  
           0.95700585             0.99175631             1.09350347  
           0.99491423             0.99649077             1.01911711  
           0.92527461             0.94098746             1.03024327  
           0.95679247             0.96885430             1.02362763  
           0.95740365             0.96409070             1.00677418  
           0.99582707             1.02347517             1.05852651  
           1.01272511             1.03712558             1.05215573  
           0.93583977             0.98763185             1.08442425  
           0.97681200             1.00819110             1.05499398  
           0.96866899             0.98607832             1.02610945  
           0.98784554             1.00109970             1.02434515  
           0.99543929             1.00433290             1.01790356  
           1.03781688             1.04194819             1.01778244  
           1.06692183             1.06071865             1.00092530  
           1.04319381             1.00755953             0.93093121  
           1.03775370             1.00242209             0.93169260  
           1.05624163             1.02417683             0.94486546  
           1.07039785             1.03760182             0.94657444  
           1.02251124             0.99363738             0.94371736  
           1.02284204             0.99704861             0.95131468  
           0.99917036             0.98350447             0.96757429  
           0.99133145             0.98199194             0.97926217  
           0.97342830             0.97043389             0.98901551  
           0.98115867             0.97705006             0.98893636  
           1.00653624             1.02419650             1.04330718  
           0.99281269             1.00557422             1.02621495  
           0.93664711             0.96754097             1.04920184  
           0.94904768             0.96646678             1.02286756  
           1.00819504             1.04714775             1.08526134  
           1.00223982             1.03514945             1.06815457  
           0.99981361             1.02422297             1.04845762  
           0.98530024             0.99839913             1.02147269  
           1.00776290             1.01036024             1.00599312  
           1.00211572             1.00260114             1.00124156  
           0.99025136             0.95713222             0.92829942  
           0.98599737             0.95917457             0.94045436  
           0.99489289             0.97814047             0.96482700  
           1.04356122             1.02250432             0.96832466  
           1.03868675             1.02063715             0.97119224  
           1.00930523             1.00514698             0.99275356  
           1.01357305             1.01707053             1.00929307  
           1.01248002             1.01745951             1.01140689  
           0.97943145             0.99686110             1.02699506  
           0.92579066             0.95074528             1.03023290  
           0.99163705             1.03762149             1.09470093  
           1.00685048             1.05220544             1.09461236  
           0.94369256             0.99007272             1.07977592  
           0.95771169             0.97603332             1.02449119  
           0.97242105             0.99025630             1.02972543  
           0.97623491             0.98303908             1.00827121  
           1.00721013             1.01838898             1.02539575  
           1.03325700             1.04034781             1.02130174  
           1.01489186             1.01173245             0.99329829  
           1.01078855             0.96807056             0.90607637  
           0.99417459             0.96572697             0.93206536  
           1.03459048             0.99991178             0.93383920  
           1.00835716             0.97872674             0.93908262  
           1.02423536             0.99949109             0.95352858  
           1.04361629             1.02460908             0.96908730  
           1.04427087             1.02812802             0.97319412  
           1.04609513             1.03195977             0.97622567  
           1.03139448             1.01971197             0.97705042  
           1.01143431             0.99164611             0.95473885  
           1.02766287             1.02107512             0.98851585  
           1.01583707             1.00201714             0.96927547  
           0.99512422             0.96856760             0.93739867  
           0.99650114             0.98149472             0.96262538  
           0.98008954             0.97043257             0.97183495  
           0.99904066             0.98995226             0.97785365  
           0.97833675             0.94522577             0.92028319  
           0.97497141             0.95025134             0.93832004  
           1.06896579             1.03156971             0.93733698  
           1.02154719             1.01453745             0.98842734  
           1.04825496             1.05760192             1.02624201  
           0.99953198             1.01092374             1.00900387  
           0.97092509             0.98649609             1.01254761  
           0.95654529             0.96939992             1.00596344  
           0.94753146             0.95663273             0.99976778  
           0.92531669             0.92742270             0.98290187  
           0.93775218             0.96515935             1.04349327  
           0.98692411             0.99183726             1.00652647  
           0.97585499             0.99046170             1.01971518  
           0.94351816             0.96652948             1.02779126  
           0.98040080             1.01115310             1.05321061  
           0.98951166             1.02007293             1.05379855  
           0.99008214             1.00466752             1.02054715  
           1.07033038             1.07065820             1.00954151  
           1.04661953             1.01407897             0.92690503  
           1.05757510             1.02843749             0.94030797  
           1.01857256             0.97843229             0.90888786  
           1.04456555             1.00739908             0.92445111  
           1.00968706             0.98238074             0.93809020  
           0.98706877             0.96528434             0.94507831  
           1.00130903             0.98907870             0.96858340  
           0.98825216             0.97868633             0.97000741  
           0.99735867             0.99277025             0.98295193  
           0.98295539             0.98019862             0.97811633  
           1.02883458             1.02037739             0.97670203  
           1.04013013             1.03154921             0.98045718  
           1.05077302             0.98909109             0.86602652  
           1.05536770             1.00919806             0.90314298  
           1.00867962             0.99135959             0.95572113  
           1.04591977             1.03748917             0.98508322  
           1.03370547             1.02788841             0.98629760  
           1.03396737             1.03016781             0.98957550  
           1.00377023             1.01114094             1.00703787  
           0.93917316             0.97149270             1.03281986  
